76 12 0.000635086936409
76 11 0.000645036060848
76 13 0.000649278359714
76 14 0.000661142081823
76 18 0.000675810451584
76 17 0.000678326839996
76 15 0.000682030092337
76 10 0.000682273170544
76 19 0.000682571710827
76 16 0.000683195336333
76 0 0.000683383711799
76 4 0.000687177242763
76 5 0.000688838133705
76 6 0.00068959750811
76 3 0.000690262026163
76 8 0.000691083326465
76 2 0.000694151613236
76 9 0.000697279772872
75 17 0.000699387627588
75 18 0.000701001230931
75 16 0.000702447525264
76 7 0.00070252071535
76 1 0.000702533728097
77 6 0.00070503699621
75 19 0.000705438579742
77 0 0.000710802752712
75 14 0.000710914271252
75 11 0.000713860593899
75 15 0.000715162177706
77 1 0.000718488208836
77 2 0.000718739011676
75 12 0.000719714765371
77 5 0.000723981525944
75 6 0.000726436556498
77 7 0.000727461617195
77 4 0.000728680127256
77 3 0.000728995482978
71 17 0.000729898287202
75 5 0.000733317323198
75 13 0.000735993109539
75 4 0.000737981258162
75 3 0.000739543021246
75 9 0.000740226271155
71 18 0.000740661624252
77 9 0.00074148822012
71 9 0.000742588628165
75 10 0.000743912889876
75 8 0.000744137932824
71 11 0.000746339365528
71 19 0.000746383332398