100 8 0.00267869632862
100 11 0.00262941168383
100 10 0.00259611504113
100 9 0.002560535372
100 12 0.00242273650938
100 13 0.00229477320967
99 0 0.00220716611609
100 14 0.00220514407186
29 14 0.00218562947055
29 10 0.00218220908125
29 9 0.00216410562625
100 1 0.00215508748841
0 18 0.00215377777959
0 10 0.00215215232958
100 15 0.00214917121301
99 9 0.00214850152139
82 16 0.00214819399926
99 8 0.00214753148136
0 13 0.00213711711882
0 16 0.00212327816423
100 4 0.00212249941068
99 1 0.00211861605794
29 15 0.00211291043695
82 7 0.00211259834429
100 3 0.00210333775202
29 5 0.00210162543084
29 13 0.0020985526551
100 2 0.00209720621377
2 3 0.00209656999034
0 19 0.00209612329492
0 17 0.00209528976688
29 4 0.00209305154041
29 8 0.00209281061587
0 9 0.00209186968934
29 2 0.00209066807148
29 16 0.00208869361881
29 12 0.00208601432305
100 0 0.00207889023616
29 3 0.00207791553077
0 12 0.00207000507757
99 2 0.00206794604614
29 7 0.00206527782877
0 8 0.0020650765584
29 11 0.00206181195254
29 1 0.00206062764313
82 9 0.00205905755155
82 12 0.00205716624649
82 10 0.00205593843526
0 15 0.00205452009102
82 11 0.00204870000207
